0.999890 0.009604 -0.011275 -0.679965 -0.009541 0.999939 0.005637 1.441516 0.011328 -0.005529 0.999921 7.661374 0.000000 0.000000 0.000000 1.000000
0.999878 0.011526 -0.010568 -0.679726 -0.011464 0.999917 0.005949 1.441368 0.010635 -0.005827 0.999926 7.660657 0.000000 0.000000 0.000000 1.000000
0.999875 0.012232 -0.010043 -0.679433 -0.012169 0.999906 0.006250 1.441668 0.010119 -0.006127 0.999930 7.658862 0.000000 0.000000 0.000000 1.000000
0.999880 0.011891 -0.009947 -0.679817 -0.011833 0.999913 0.005914 1.441497 0.010017 -0.005795 0.999933 7.658055 0.000000 0.000000 0.000000 1.000000
0.999893 0.010987 -0.009623 -0.679967 -0.010937 0.999927 0.005219 1.441170 0.009680 -0.005113 0.999940 7.658151 0.000000 0.000000 0.000000 1.000000
0.999906 0.009968 -0.009396 -0.680264 -0.009919 0.999937 0.005336 1.441213 0.009449 -0.005242 0.999942 7.657643 0.000000 0.000000 0.000000 1.000000
0.999907 0.010028 -0.009223 -0.680465 -0.009978 0.999936 0.005382 1.441212 0.009276 -0.005289 0.999943 7.656207 0.000000 0.000000 0.000000 1.000000
0.999905 0.010713 -0.008685 -0.681063 -0.010662 0.999926 0.005861 1.441272 0.008747 -0.005768 0.999945 7.653981 0.000000 0.000000 0.000000 1.000000
0.999927 0.008600 -0.008488 -0.681008 -0.008547 0.999944 0.006263 1.441181 0.008541 -0.006190 0.999944 7.650608 0.000000 0.000000 0.000000 1.000000
0.999929 0.008607 -0.008224 -0.681733 -0.008552 0.999941 0.006686 1.441369 0.008281 -0.006616 0.999944 7.648024 0.000000 0.000000 0.000000 1.000000
0.999929 0.009007 -0.007760 -0.682030 -0.008953 0.999935 0.006994 1.441302 0.007822 -0.006924 0.999945 7.644922 0.000000 0.000000 0.000000 1.000000
0.999942 0.007506 -0.007703 -0.682545 -0.007455 0.999951 0.006566 1.441234 0.007752 -0.006508 0.999949 7.641734 0.000000 0.000000 0.000000 1.000000
0.999946 0.007416 -0.007218 -0.682990 -0.007368 0.999951 0.006624 1.440917 0.007267 -0.006570 0.999952 7.639375 0.000000 0.000000 0.000000 1.000000
0.999945 0.007476 -0.007379 -0.683552 -0.007430 0.999953 0.006216 1.440338 0.007425 -0.006161 0.999953 7.636207 0.000000 0.000000 0.000000 1.000000
0.999937 0.007889 -0.007981 -0.684053 -0.007845 0.999954 0.005528 1.439611 0.008024 -0.005465 0.999953 7.633486 0.000000 0.000000 0.000000 1.000000
0.999923 0.009554 -0.007861 -0.684508 -0.009512 0.999940 0.005373 1.439232 0.007912 -0.005298 0.999955 7.631027 0.000000 0.000000 0.000000 1.000000
0.999920 0.009448 -0.008426 -0.684744 -0.009402 0.999941 0.005423 1.438661 0.008477 -0.005344 0.999950 7.627534 0.000000 0.000000 0.000000 1.000000
0.999914 0.009551 -0.008951 -0.685024 -0.009502 0.999939 0.005571 1.438294 0.009003 -0.005485 0.999944 7.623938 0.000000 0.000000 0.000000 1.000000
0.999920 0.009078 -0.008814 -0.685281 -0.009021 0.999938 0.006467 1.438202 0.008872 -0.006387 0.999940 7.618969 0.000000 0.000000 0.000000 1.000000
0.999921 0.007918 -0.009739 -0.685938 -0.007849 0.999945 0.007014 1.438008 0.009794 -0.006937 0.999928 7.613739 0.000000 0.000000 0.000000 1.000000
0.999916 0.007584 -0.010524 -0.686370 -0.007509 0.999946 0.007150 1.437335 0.010578 -0.007070 0.999919 7.609045 0.000000 0.000000 0.000000 1.000000
0.999925 0.006611 -0.010330 -0.686578 -0.006534 0.999951 0.007458 1.437252 0.010379 -0.007390 0.999919 7.603757 0.000000 0.000000 0.000000 1.000000
0.999925 0.005161 -0.011063 -0.687065 -0.005079 0.999959 0.007433 1.436690 0.011101 -0.007377 0.999911 7.598746 0.000000 0.000000 0.000000 1.000000
0.999932 0.004605 -0.010751 -0.687415 -0.004526 0.999962 0.007384 1.436158 0.010785 -0.007335 0.999915 7.594229 0.000000 0.000000 0.000000 1.000000
0.999935 0.004260 -0.010606 -0.687763 -0.004183 0.999965 0.007215 1.435389 0.010636 -0.007170 0.999918 7.589026 0.000000 0.000000 0.000000 1.000000
0.999932 0.003823 -0.011038 -0.688299 -0.003745 0.999968 0.007115 1.434613 0.011065 -0.007073 0.999914 7.583901 0.000000 0.000000 0.000000 1.000000
0.999927 0.005421 -0.010782 -0.688560 -0.005344 0.999960 0.007111 1.434171 0.010821 -0.007053 0.999917 7.578569 0.000000 0.000000 0.000000 1.000000
0.999921 0.006536 -0.010726 -0.689093 -0.006455 0.999951 0.007553 1.433581 0.010775 -0.007483 0.999914 7.573374 0.000000 0.000000 0.000000 1.000000
0.999914 0.007081 -0.011033 -0.689111 -0.006990 0.999941 0.008274 1.432788 0.011091 -0.008197 0.999905 7.567066 0.000000 0.000000 0.000000 1.000000
0.999906 0.008099 -0.011046 -0.689380 -0.008001 0.999929 0.008876 1.431950 0.011117 -0.008787 0.999900 7.561019 0.000000 0.000000 0.000000 1.000000
0.999901 0.008139 -0.011499 -0.689984 -0.008023 0.999917 0.010055 1.431768 0.011580 -0.009961 0.999883 7.553462 0.000000 0.000000 0.000000 1.000000
0.999899 0.008002 -0.011746 -0.690287 -0.007881 0.999916 0.010304 1.430682 0.011827 -0.010210 0.999878 7.547012 0.000000 0.000000 0.000000 1.000000
0.999884 0.008215 -0.012807 -0.691239 -0.008075 0.999908 0.010937 1.429900 0.012895 -0.010832 0.999858 7.540118 0.000000 0.000000 0.000000 1.000000
0.999862 0.009622 -0.013508 -0.691392 -0.009469 0.999891 0.011364 1.428692 0.013616 -0.011234 0.999844 7.534159 0.000000 0.000000 0.000000 1.000000
0.999853 0.010297 -0.013735 -0.691677 -0.010143 0.999885 0.011234 1.427775 0.013849 -0.011093 0.999843 7.527575 0.000000 0.000000 0.000000 1.000000
0.999838 0.010495 -0.014624 -0.692553 -0.010329 0.999882 0.011367 1.427577 0.014742 -0.011214 0.999828 7.519421 0.000000 0.000000 0.000000 1.000000
0.999842 0.010267 -0.014499 -0.692555 -0.010119 0.999897 0.010213 1.425893 0.014603 -0.010065 0.999843 7.514314 0.000000 0.000000 0.000000 1.000000
0.999849 0.010562 -0.013770 -0.692688 -0.010428 0.999898 0.009784 1.425497 0.013872 -0.009639 0.999857 7.507569 0.000000 0.000000 0.000000 1.000000
0.999852 0.010885 -0.013339 -0.693253 -0.010756 0.999895 0.009712 1.424671 0.013443 -0.009567 0.999864 7.500761 0.000000 0.000000 0.000000 1.000000
0.999868 0.010030 -0.012766 -0.693091 -0.009913 0.999909 0.009152 1.423859 0.012856 -0.009024 0.999877 7.493305 0.000000 0.000000 0.000000 1.000000
0.999883 0.009599 -0.011950 -0.693336 -0.009483 0.999908 0.009730 1.423977 0.012042 -0.009616 0.999881 7.485300 0.000000 0.000000 0.000000 1.000000
0.999890 0.009611 -0.011305 -0.693702 -0.009493 0.999900 0.010465 1.423851 0.011404 -0.010356 0.999881 7.475289 0.000000 0.000000 0.000000 1.000000
0.999902 0.009013 -0.010722 -0.693330 -0.008901 0.999906 0.010424 1.423742 0.010815 -0.010328 0.999888 7.466487 0.000000 0.000000 0.000000 1.000000
0.999917 0.006932 -0.010880 -0.693068 -0.006814 0.999918 0.010856 1.423733 0.010954 -0.010781 0.999882 7.456862 0.000000 0.000000 0.000000 1.000000
0.999925 0.006484 -0.010410 -0.692645 -0.006370 0.999921 0.010879 1.423470 0.010479 -0.010811 0.999887 7.446952 0.000000 0.000000 0.000000 1.000000
0.999921 0.007331 -0.010215 -0.691819 -0.007215 0.999910 0.011339 1.423581 0.010297 -0.011265 0.999884 7.436536 0.000000 0.000000 0.000000 1.000000
0.999942 0.005799 -0.009091 -0.690272 -0.005690 0.999912 0.011957 1.423927 0.009160 -0.011904 0.999887 7.425086 0.000000 0.000000 0.000000 1.000000
0.999957 0.004959 -0.007889 -0.689121 -0.004856 0.999904 0.012975 1.424903 0.007953 -0.012937 0.999885 7.413129 0.000000 0.000000 0.000000 1.000000
0.999950 0.006859 -0.007222 -0.687895 -0.006769 0.999901 0.012369 1.424687 0.007306 -0.012319 0.999897 7.401001 0.000000 0.000000 0.000000 1.000000
0.999965 0.006252 -0.005537 -0.685929 -0.006183 0.999905 0.012356 1.425246 0.005614 -0.012322 0.999908 7.388834 0.000000 0.000000 0.000000 1.000000
0.999972 0.006098 -0.004328 -0.684242 -0.006046 0.999910 0.011937 1.425028 0.004401 -0.011911 0.999919 7.375573 0.000000 0.000000 0.000000 1.000000
0.999987 0.004347 -0.002796 -0.682554 -0.004316 0.999928 0.011162 1.425101 0.002844 -0.011149 0.999934 7.361878 0.000000 0.000000 0.000000 1.000000
0.999998 0.000953 -0.001472 -0.680956 -0.000937 0.999941 0.010789 1.424959 0.001483 -0.010788 0.999941 7.347121 0.000000 0.000000 0.000000 1.000000
0.999999 -0.001291 -0.001041 -0.679614 0.001300 0.999961 0.008787 1.422688 0.001030 -0.008788 0.999961 7.334271 0.000000 0.000000 0.000000 1.000000
0.999988 -0.004966 -0.000291 -0.677561 0.004968 0.999965 0.006762 1.421655 0.000257 -0.006763 0.999977 7.320476 0.000000 0.000000 0.000000 1.000000
0.999974 -0.007101 0.000832 -0.676313 0.007096 0.999962 0.005114 1.420289 -0.000868 -0.005108 0.999987 7.306449 0.000000 0.000000 0.000000 1.000000
0.999980 -0.006292 0.000914 -0.675650 0.006289 0.999974 0.003487 1.418729 -0.000936 -0.003481 0.999994 7.292403 0.000000 0.000000 0.000000 1.000000
0.999960 -0.008889 0.000943 -0.673007 0.008888 0.999959 0.001862 1.417401 -0.000960 -0.001854 0.999998 7.275952 0.000000 0.000000 0.000000 1.000000
0.999960 -0.008962 0.000518 -0.671225 0.008963 0.999960 -0.000797 1.414371 -0.000511 0.000801 1.000000 7.261650 0.000000 0.000000 0.000000 1.000000
0.999996 -0.002700 0.000635 -0.668183 0.002701 0.999994 -0.002124 1.413749 -0.000629 0.002125 0.999998 7.244625 0.000000 0.000000 0.000000 1.000000
0.999999 -0.000623 0.001529 -0.661002 0.000627 0.999997 -0.002381 1.412895 -0.001527 0.002382 0.999996 7.223210 0.000000 0.000000 0.000000 1.000000
0.999999 0.000371 0.001208 -0.657619 -0.000367 0.999995 -0.003115 1.412433 -0.001209 0.003114 0.999994 7.202719 0.000000 0.000000 0.000000 1.000000
0.999996 0.002870 -0.000164 -0.654766 -0.002871 0.999991 -0.003172 1.412687 0.000155 0.003173 0.999995 7.181606 0.000000 0.000000 0.000000 1.000000
0.999997 0.002469 -0.000305 -0.650517 -0.002470 0.999996 -0.001181 1.414174 0.000302 0.001182 0.999999 7.160031 0.000000 0.000000 0.000000 1.000000
0.999997 0.002101 -0.001343 -0.647613 -0.002102 0.999998 -0.000731 1.413912 0.001341 0.000734 0.999999 7.136943 0.000000 0.000000 0.000000 1.000000
0.999991 0.003697 -0.002100 -0.644685 -0.003701 0.999991 -0.001821 1.413289 0.002094 0.001829 0.999996 7.118114 0.000000 0.000000 0.000000 1.000000
0.999981 0.005393 -0.002815 -0.641862 -0.005394 0.999985 -0.000537 1.414759 0.002812 0.000552 0.999996 7.098033 0.000000 0.000000 0.000000 1.000000
0.999981 0.005645 -0.002314 -0.637996 -0.005646 0.999984 -0.000521 1.414552 0.002311 0.000534 0.999997 7.078430 0.000000 0.000000 0.000000 1.000000
0.999984 0.005149 -0.002341 -0.635278 -0.005148 0.999987 0.000431 1.416261 0.002343 -0.000419 0.999997 7.059908 0.000000 0.000000 0.000000 1.000000
0.999990 0.004020 -0.001775 -0.632899 -0.004016 0.999990 0.001846 1.418415 0.001782 -0.001838 0.999997 7.039601 0.000000 0.000000 0.000000 1.000000
0.999994 0.003201 -0.001236 -0.632180 -0.003199 0.999994 0.001220 1.419407 0.001240 -0.001217 0.999998 7.021701 0.000000 0.000000 0.000000 1.000000
0.999998 0.001749 -0.001193 -0.630755 -0.001748 0.999998 0.000391 1.420541 0.001194 -0.000389 0.999999 7.004925 0.000000 0.000000 0.000000 1.000000
1.000000 -0.000340 -0.000415 -0.628857 0.000340 1.000000 0.000196 1.421603 0.000415 -0.000196 1.000000 6.988358 0.000000 0.000000 0.000000 1.000000
1.000000 0.000316 -0.000197 -0.627817 -0.000316 1.000000 -0.000013 1.423393 0.000197 0.000013 1.000000 6.970250 0.000000 0.000000 0.000000 1.000000
0.999995 0.002822 0.001174 -0.625030 -0.002823 0.999996 0.000658 1.424728 -0.001172 -0.000661 0.999999 6.953521 0.000000 0.000000 0.000000 1.000000
0.999994 0.001986 0.002833 -0.623082 -0.001994 0.999994 0.002819 1.427072 -0.002828 -0.002825 0.999992 6.934809 0.000000 0.000000 0.000000 1.000000
0.999991 0.001595 0.003806 -0.622381 -0.001605 0.999995 0.002626 1.427054 -0.003802 -0.002632 0.999989 6.916172 0.000000 0.000000 0.000000 1.000000
0.999986 0.002172 0.004870 -0.621244 -0.002188 0.999992 0.003298 1.427590 -0.004863 -0.003308 0.999983 6.899475 0.000000 0.000000 0.000000 1.000000
0.999980 0.001480 0.006218 -0.619786 -0.001509 0.999988 0.004560 1.428042 -0.006211 -0.004569 0.999970 6.881138 0.000000 0.000000 0.000000 1.000000
0.999966 0.004168 0.007139 -0.619398 -0.004199 0.999982 0.004376 1.427906 -0.007121 -0.004406 0.999965 6.862937 0.000000 0.000000 0.000000 1.000000
0.999957 0.005743 0.007347 -0.618924 -0.005784 0.999968 0.005488 1.428247 -0.007316 -0.005530 0.999958 6.844047 0.000000 0.000000 0.000000 1.000000
0.999955 0.006047 0.007313 -0.618798 -0.006093 0.999962 0.006295 1.428239 -0.007275 -0.006339 0.999953 6.823440 0.000000 0.000000 0.000000 1.000000
0.999956 0.006608 0.006628 -0.620156 -0.006648 0.999960 0.006048 1.428190 -0.006588 -0.006091 0.999960 6.802684 0.000000 0.000000 0.000000 1.000000
0.999942 0.007694 0.007523 -0.619344 -0.007739 0.999952 0.006061 1.428188 -0.007476 -0.006118 0.999953 6.783187 0.000000 0.000000 0.000000 1.000000
0.999950 0.005097 0.008591 -0.619547 -0.005151 0.999967 0.006293 1.427442 -0.008558 -0.006337 0.999943 6.762383 0.000000 0.000000 0.000000 1.000000
0.999946 0.005120 0.008996 -0.620583 -0.005165 0.999974 0.004997 1.425726 -0.008970 -0.005043 0.999947 6.741651 0.000000 0.000000 0.000000 1.000000
0.999933 0.006399 0.009618 -0.620914 -0.006440 0.999970 0.004305 1.424867 -0.009590 -0.004367 0.999944 6.721092 0.000000 0.000000 0.000000 1.000000
0.999912 0.007153 0.011206 -0.620971 -0.007209 0.999962 0.004972 1.425076 -0.011170 -0.005052 0.999925 6.698703 0.000000 0.000000 0.000000 1.000000
0.999882 0.009487 0.012079 -0.622293 -0.009529 0.999949 0.003442 1.423781 -0.012046 -0.003557 0.999921 6.674933 0.000000 0.000000 0.000000 1.000000
0.999885 0.010168 0.011212 -0.624441 -0.010176 0.999948 0.000622 1.420196 -0.011205 -0.000736 0.999937 6.653440 0.000000 0.000000 0.000000 1.000000
0.999858 0.011611 0.012251 -0.625222 -0.011600 0.999932 -0.000966 1.418925 -0.012261 0.000824 0.999924 6.631282 0.000000 0.000000 0.000000 1.000000
0.999809 0.014348 0.013280 -0.625395 -0.014309 0.999893 -0.002961 1.416880 -0.013321 0.002771 0.999907 6.607336 0.000000 0.000000 0.000000 1.000000
0.999808 0.015065 0.012525 -0.627591 -0.015023 0.999881 -0.003493 1.416293 -0.012576 0.003304 0.999915 6.585009 0.000000 0.000000 0.000000 1.000000
0.999792 0.016601 0.011833 -0.629721 -0.016573 0.999860 -0.002418 1.416964 -0.011871 0.002222 0.999927 6.562374 0.000000 0.000000 0.000000 1.000000
0.999771 0.018172 0.011285 -0.630700 -0.018142 0.999832 -0.002783 1.416270 -0.011334 0.002577 0.999932 6.539528 0.000000 0.000000 0.000000 1.000000
0.999777 0.018642 0.009965 -0.633681 -0.018608 0.999821 -0.003424 1.416353 -0.010027 0.003238 0.999944 6.516203 0.000000 0.000000 0.000000 1.000000
0.999756 0.020173 0.009033 -0.636542 -0.020140 0.999790 -0.003733 1.416879 -0.009107 0.003550 0.999952 6.493016 0.000000 0.000000 0.000000 1.000000
0.999751 0.021111 0.007178 -0.640102 -0.021080 0.999768 -0.004315 1.416912 -0.007268 0.004163 0.999965 6.469670 0.000000 0.000000 0.000000 1.000000
0.999784 0.020286 0.004613 -0.645086 -0.020259 0.999777 -0.005946 1.415475 -0.004732 0.005851 0.999972 6.447201 0.000000 0.000000 0.000000 1.000000
0.999792 0.020105 0.003306 -0.647566 -0.020081 0.999773 -0.007100 1.413609 -0.003448 0.007032 0.999969 6.426275 0.000000 0.000000 0.000000 1.000000
0.999827 0.018482 0.001865 -0.650747 -0.018468 0.999800 -0.007636 1.413953 -0.002006 0.007600 0.999969 6.403032 0.000000 0.000000 0.000000 1.000000
0.999824 0.018735 -0.000705 -0.655245 -0.018740 0.999792 -0.008037 1.415485 0.000554 0.008049 0.999967 6.381385 0.000000 0.000000 0.000000 1.000000
0.999833 0.018211 -0.001532 -0.657209 -0.018221 0.999809 -0.007099 1.417148 0.001403 0.007125 0.999974 6.359938 0.000000 0.000000 0.000000 1.000000
0.999869 0.016082 -0.001561 -0.659528 -0.016093 0.999847 -0.006817 1.418075 0.001451 0.006841 0.999976 6.338717 0.000000 0.000000 0.000000 1.000000
0.999872 0.015756 -0.002632 -0.662123 -0.015775 0.999850 -0.007097 1.417475 0.002520 0.007138 0.999971 6.317796 0.000000 0.000000 0.000000 1.000000
0.999842 0.017677 -0.001966 -0.662247 -0.017689 0.999825 -0.006038 1.419182 0.001859 0.006072 0.999980 6.296277 0.000000 0.000000 0.000000 1.000000
0.999841 0.017815 -0.000258 -0.662306 -0.017816 0.999826 -0.005495 1.420839 0.000160 0.005499 0.999985 6.274902 0.000000 0.000000 0.000000 1.000000
0.999877 0.015675 -0.000596 -0.664215 -0.015678 0.999856 -0.006427 1.419413 0.000495 0.006436 0.999979 6.256928 0.000000 0.000000 0.000000 1.000000
0.999933 0.011445 -0.001821 -0.666842 -0.011457 0.999914 -0.006329 1.420650 0.001748 0.006349 0.999978 6.238181 0.000000 0.000000 0.000000 1.000000
0.999951 0.009773 -0.001834 -0.668683 -0.009782 0.999940 -0.004910 1.423777 0.001786 0.004927 0.999986 6.217615 0.000000 0.000000 0.000000 1.000000
0.999931 0.011593 -0.001653 -0.669632 -0.011600 0.999925 -0.003961 1.425483 0.001607 0.003980 0.999991 6.197413 0.000000 0.000000 0.000000 1.000000
0.999935 0.011338 -0.001095 -0.668942 -0.011342 0.999928 -0.003878 1.425002 0.001051 0.003890 0.999992 6.178260 0.000000 0.000000 0.000000 1.000000
0.999935 0.011386 -0.000616 -0.669439 -0.011388 0.999928 -0.003901 1.425424 0.000572 0.003908 0.999992 6.158417 0.000000 0.000000 0.000000 1.000000
0.999930 0.011825 -0.000090 -0.669188 -0.011825 0.999920 -0.004577 1.424785 0.000036 0.004577 0.999990 6.139784 0.000000 0.000000 0.000000 1.000000
0.999936 0.011313 0.000163 -0.669070 -0.011312 0.999929 -0.003706 1.425876 -0.000205 0.003704 0.999993 6.120069 0.000000 0.000000 0.000000 1.000000
0.999945 0.010482 0.000639 -0.669132 -0.010480 0.999939 -0.003483 1.425762 -0.000675 0.003477 0.999994 6.098877 0.000000 0.000000 0.000000 1.000000
0.999956 0.009272 0.001038 -0.668952 -0.009267 0.999948 -0.004199 1.425863 -0.001077 0.004189 0.999991 6.078709 0.000000 0.000000 0.000000 1.000000
0.999958 0.008946 0.002062 -0.667938 -0.008937 0.999949 -0.004599 1.425748 -0.002103 0.004580 0.999987 6.059280 0.000000 0.000000 0.000000 1.000000
0.999940 0.010594 0.002901 -0.667215 -0.010581 0.999933 -0.004614 1.424792 -0.002950 0.004583 0.999985 6.039463 0.000000 0.000000 0.000000 1.000000
0.999904 0.013453 0.003420 -0.666317 -0.013439 0.999901 -0.004234 1.425087 -0.003476 0.004188 0.999985 6.018631 0.000000 0.000000 0.000000 1.000000
0.999852 0.016572 0.004513 -0.664155 -0.016560 0.999860 -0.002493 1.426258 -0.004554 0.002418 0.999987 5.996804 0.000000 0.000000 0.000000 1.000000
0.999837 0.017015 0.006066 -0.661744 -0.017006 0.999854 -0.001446 1.426737 -0.006090 0.001342 0.999981 5.973340 0.000000 0.000000 0.000000 1.000000
0.999855 0.015117 0.007807 -0.658593 -0.015097 0.999883 -0.002603 1.424835 -0.007845 0.002485 0.999966 5.950775 0.000000 0.000000 0.000000 1.000000
0.999859 0.014223 0.008940 -0.656754 -0.014184 0.999890 -0.004435 1.423086 -0.009003 0.004308 0.999950 5.928254 0.000000 0.000000 0.000000 1.000000
0.999874 0.012474 0.009840 -0.655030 -0.012409 0.999901 -0.006589 1.421373 -0.009921 0.006466 0.999930 5.905509 0.000000 0.000000 0.000000 1.000000
0.999896 0.010399 0.009989 -0.654169 -0.010303 0.999900 -0.009639 1.418487 -0.010088 0.009535 0.999904 5.883910 0.000000 0.000000 0.000000 1.000000
0.999883 0.012205 0.009247 -0.653530 -0.012125 0.999889 -0.008644 1.420243 -0.009352 0.008530 0.999920 5.862771 0.000000 0.000000 0.000000 1.000000
0.999869 0.012477 0.010316 -0.650163 -0.012388 0.999886 -0.008681 1.420615 -0.010423 0.008552 0.999909 5.836440 0.000000 0.000000 0.000000 1.000000
0.999825 0.015050 0.011119 -0.648604 -0.014916 0.999816 -0.012054 1.418542 -0.011298 0.011887 0.999866 5.813204 0.000000 0.000000 0.000000 1.000000
0.999715 0.021408 0.010593 -0.646996 -0.021263 0.999681 -0.013645 1.417758 -0.010882 0.013416 0.999851 5.789953 0.000000 0.000000 0.000000 1.000000
0.999706 0.021933 0.010301 -0.644469 -0.021775 0.999648 -0.015184 1.417815 -0.010630 0.014955 0.999832 5.764876 0.000000 0.000000 0.000000 1.000000
0.999726 0.021699 0.008766 -0.643930 -0.021547 0.999622 -0.017055 1.417048 -0.009133 0.016861 0.999816 5.743416 0.000000 0.000000 0.000000 1.000000
0.999616 0.026438 0.008241 -0.638703 -0.026320 0.999553 -0.014175 1.419993 -0.008612 0.013952 0.999866 5.712278 0.000000 0.000000 0.000000 1.000000
0.999602 0.026922 0.008433 -0.633382 -0.026823 0.999573 -0.011604 1.421963 -0.008742 0.011373 0.999897 5.682930 0.000000 0.000000 0.000000 1.000000
0.999622 0.026209 0.008286 -0.630033 -0.026115 0.999595 -0.011302 1.423180 -0.008579 0.011081 0.999902 5.658034 0.000000 0.000000 0.000000 1.000000
0.999617 0.026112 0.009144 -0.626878 -0.026021 0.999612 -0.009936 1.424957 -0.009400 0.009694 0.999909 5.634984 0.000000 0.000000 0.000000 1.000000
0.999664 0.023751 0.010362 -0.623551 -0.023658 0.999679 -0.009037 1.425356 -0.010573 0.008789 0.999905 5.611945 0.000000 0.000000 0.000000 1.000000
0.999662 0.023699 0.010651 -0.621496 -0.023603 0.999681 -0.009005 1.426066 -0.010861 0.008751 0.999903 5.589536 0.000000 0.000000 0.000000 1.000000
0.999645 0.024094 0.011330 -0.619357 -0.024013 0.999686 -0.007196 1.427963 -0.011500 0.006921 0.999910 5.567993 0.000000 0.000000 0.000000 1.000000
0.999672 0.022674 0.011883 -0.616777 -0.022625 0.999735 -0.004249 1.430178 -0.011976 0.003979 0.999920 5.543283 0.000000 0.000000 0.000000 1.000000
0.999677 0.022059 0.012582 -0.614692 -0.022020 0.999752 -0.003242 1.432109 -0.012650 0.002964 0.999916 5.519141 0.000000 0.000000 0.000000 1.000000
0.999731 0.019090 0.013194 -0.612606 -0.019058 0.999815 -0.002546 1.434083 -0.013240 0.002294 0.999910 5.496722 0.000000 0.000000 0.000000 1.000000
0.999804 0.014954 0.012985 -0.611289 -0.014940 0.999888 -0.001189 1.435572 -0.013001 0.000995 0.999915 5.474245 0.000000 0.000000 0.000000 1.000000
0.999829 0.011786 0.014257 -0.608761 -0.011772 0.999930 -0.001110 1.435699 -0.014269 0.000942 0.999898 5.450956 0.000000 0.000000 0.000000 1.000000
0.999846 0.008965 0.015096 -0.607226 -0.008945 0.999959 -0.001363 1.436551 -0.015108 0.001228 0.999885 5.428153 0.000000 0.000000 0.000000 1.000000
0.999859 0.005838 0.015774 -0.605563 -0.005827 0.999983 -0.000750 1.437129 -0.015779 0.000658 0.999875 5.406034 0.000000 0.000000 0.000000 1.000000
0.999851 0.003776 0.016825 -0.604242 -0.003765 0.999993 -0.000695 1.436695 -0.016827 0.000632 0.999858 5.382967 0.000000 0.000000 0.000000 1.000000
0.999854 0.001539 0.017035 -0.604494 -0.001538 0.999999 -0.000036 1.437462 -0.017035 0.000010 0.999855 5.360419 0.000000 0.000000 0.000000 1.000000
0.999840 0.002601 0.017707 -0.603802 -0.002619 0.999996 0.000975 1.437313 -0.017704 -0.001021 0.999843 5.336524 0.000000 0.000000 0.000000 1.000000
0.999826 0.003412 0.018336 -0.602728 -0.003432 0.999994 0.001035 1.437092 -0.018333 -0.001098 0.999831 5.312008 0.000000 0.000000 0.000000 1.000000
0.999843 0.003811 0.017296 -0.603817 -0.003830 0.999992 0.001086 1.437176 -0.017292 -0.001152 0.999850 5.288194 0.000000 0.000000 0.000000 1.000000
0.999833 0.006990 0.016904 -0.603812 -0.007014 0.999975 0.001344 1.437773 -0.016895 -0.001462 0.999856 5.263241 0.000000 0.000000 0.000000 1.000000
0.999823 0.008824 0.016616 -0.604216 -0.008834 0.999961 0.000507 1.437829 -0.016611 -0.000654 0.999862 5.238496 0.000000 0.000000 0.000000 1.000000
0.999826 0.010478 0.015454 -0.605769 -0.010496 0.999944 0.001089 1.439063 -0.015442 -0.001251 0.999880 5.214510 0.000000 0.000000 0.000000 1.000000
0.999800 0.012816 0.015383 -0.605509 -0.012842 0.999916 0.001608 1.439808 -0.015362 -0.001805 0.999880 5.188642 0.000000 0.000000 0.000000 1.000000
0.999824 0.011867 0.014543 -0.606712 -0.011881 0.999929 0.000858 1.439875 -0.014531 -0.001030 0.999894 5.164140 0.000000 0.000000 0.000000 1.000000
0.999858 0.011618 0.012247 -0.609583 -0.011623 0.999932 0.000335 1.440477 -0.012242 -0.000477 0.999925 5.139500 0.000000 0.000000 0.000000 1.000000
0.999868 0.011062 0.011919 -0.609939 -0.011067 0.999939 0.000320 1.441760 -0.011914 -0.000452 0.999929 5.114505 0.000000 0.000000 0.000000 1.000000
0.999904 0.008601 0.010831 -0.612256 -0.008590 0.999962 -0.001102 1.440843 -0.010840 0.001009 0.999941 5.090425 0.000000 0.000000 0.000000 1.000000
0.999939 0.006541 0.008878 -0.614727 -0.006519 0.999976 -0.002510 1.440778 -0.008894 0.002452 0.999957 5.066363 0.000000 0.000000 0.000000 1.000000
0.999950 0.005552 0.008278 -0.617749 -0.005527 0.999980 -0.003036 1.440664 -0.008295 0.002990 0.999961 5.043559 0.000000 0.000000 0.000000 1.000000
0.999956 0.006337 0.006917 -0.621028 -0.006311 0.999973 -0.003880 1.439940 -0.006941 0.003836 0.999969 5.020447 0.000000 0.000000 0.000000 1.000000
0.999951 0.007878 0.005964 -0.623834 -0.007851 0.999959 -0.004598 1.439672 -0.006000 0.004551 0.999972 4.997215 0.000000 0.000000 0.000000 1.000000
0.999953 0.008490 0.004779 -0.627692 -0.008471 0.999956 -0.003974 1.440330 -0.004813 0.003934 0.999981 4.973275 0.000000 0.000000 0.000000 1.000000
0.999940 0.010124 0.004252 -0.630471 -0.010109 0.999943 -0.003442 1.440909 -0.004287 0.003399 0.999985 4.949215 0.000000 0.000000 0.000000 1.000000
0.999924 0.011620 0.004086 -0.633296 -0.011611 0.999930 -0.002367 1.442225 -0.004113 0.002319 0.999989 4.925254 0.000000 0.000000 0.000000 1.000000
0.999903 0.013210 0.004435 -0.635944 -0.013202 0.999911 -0.001641 1.442697 -0.004457 0.001583 0.999989 4.901720 0.000000 0.000000 0.000000 1.000000
0.999903 0.012715 0.005610 -0.637290 -0.012701 0.999916 -0.002472 1.441573 -0.005641 0.002400 0.999981 4.879320 0.000000 0.000000 0.000000 1.000000
0.999940 0.009761 0.005063 -0.641649 -0.009742 0.999945 -0.003825 1.440031 -0.005100 0.003775 0.999980 4.859172 0.000000 0.000000 0.000000 1.000000
0.999916 0.012007 0.004903 -0.645508 -0.011985 0.999917 -0.004680 1.439318 -0.004959 0.004620 0.999977 4.839613 0.000000 0.000000 0.000000 1.000000
0.999866 0.015252 0.005886 -0.647464 -0.015223 0.999872 -0.004928 1.439396 -0.005961 0.004837 0.999971 4.820316 0.000000 0.000000 0.000000 1.000000
0.999854 0.015971 0.006015 -0.650003 -0.015942 0.999861 -0.004888 1.439427 -0.006092 0.004791 0.999970 4.801024 0.000000 0.000000 0.000000 1.000000
0.999821 0.017675 0.006810 -0.651993 -0.017636 0.999829 -0.005623 1.438393 -0.006908 0.005502 0.999961 4.783850 0.000000 0.000000 0.000000 1.000000
0.999789 0.018909 0.008071 -0.653632 -0.018875 0.999813 -0.004234 1.439858 -0.008149 0.004080 0.999958 4.765785 0.000000 0.000000 0.000000 1.000000
0.999781 0.019262 0.008160 -0.655638 -0.019244 0.999812 -0.002380 1.441265 -0.008205 0.002222 0.999964 4.747286 0.000000 0.000000 0.000000 1.000000
0.999767 0.020141 0.007727 -0.657457 -0.020133 0.999797 -0.001152 1.442127 -0.007749 0.000996 0.999969 4.728566 0.000000 0.000000 0.000000 1.000000
0.999774 0.019493 0.008521 -0.657449 -0.019494 0.999810 0.000045 1.442807 -0.008519 -0.000211 0.999964 4.709813 0.000000 0.000000 0.000000 1.000000
0.999830 0.015861 0.009435 -0.657369 -0.015862 0.999874 0.000047 1.442210 -0.009433 -0.000196 0.999955 4.692764 0.000000 0.000000 0.000000 1.000000
0.999885 0.011875 0.009387 -0.658829 -0.011869 0.999929 -0.000725 1.440652 -0.009395 0.000613 0.999956 4.677799 0.000000 0.000000 0.000000 1.000000
0.999883 0.011005 0.010610 -0.658721 -0.011000 0.999939 -0.000497 1.440436 -0.010615 0.000380 0.999944 4.662345 0.000000 0.000000 0.000000 1.000000
0.999892 0.009277 0.011438 -0.657982 -0.009277 0.999957 -0.000067 1.440472 -0.011438 -0.000039 0.999935 4.645534 0.000000 0.000000 0.000000 1.000000
0.999883 0.009637 0.011856 -0.657811 -0.009626 0.999953 -0.000994 1.439226 -0.011865 0.000879 0.999929 4.629305 0.000000 0.000000 0.000000 1.000000
0.999810 0.014629 0.012886 -0.656042 -0.014625 0.999893 -0.000366 1.440369 -0.012890 0.000178 0.999917 4.613083 0.000000 0.000000 0.000000 1.000000
0.999783 0.015158 0.014262 -0.652952 -0.015175 0.999884 0.001066 1.442794 -0.014244 -0.001283 0.999898 4.592696 0.000000 0.000000 0.000000 1.000000
0.999757 0.015810 0.015380 -0.650651 -0.015819 0.999875 0.000501 1.442376 -0.015370 -0.000744 0.999882 4.574295 0.000000 0.000000 0.000000 1.000000
0.999703 0.017503 0.016976 -0.647561 -0.017513 0.999847 0.000453 1.443735 -0.016965 -0.000750 0.999856 4.554942 0.000000 0.000000 0.000000 1.000000
0.999729 0.014365 0.018298 -0.644087 -0.014392 0.999895 0.001385 1.445301 -0.018276 -0.001648 0.999832 4.533474 0.000000 0.000000 0.000000 1.000000
0.999776 0.009515 0.018884 -0.642251 -0.009511 0.999955 -0.000279 1.443957 -0.018886 0.000099 0.999822 4.512198 0.000000 0.000000 0.000000 1.000000
0.999796 0.005705 0.019393 -0.640800 -0.005604 0.999971 -0.005238 1.435404 -0.019423 0.005129 0.999798 4.488671 0.000000 0.000000 0.000000 1.000000
0.999829 0.002811 0.018284 -0.641265 -0.002710 0.999981 -0.005550 1.435427 -0.018299 0.005499 0.999817 4.468056 0.000000 0.000000 0.000000 1.000000
0.999842 0.002534 0.017608 -0.638419 -0.002450 0.999986 -0.004781 1.435882 -0.017620 0.004737 0.999834 4.442359 0.000000 0.000000 0.000000 1.000000
0.999806 0.004686 0.019150 -0.636139 -0.004567 0.999970 -0.006237 1.434302 -0.019178 0.006148 0.999797 4.419945 0.000000 0.000000 0.000000 1.000000
0.999793 0.004262 0.019889 -0.635130 -0.004127 0.999968 -0.006817 1.433053 -0.019917 0.006734 0.999779 4.398863 0.000000 0.000000 0.000000 1.000000
0.999800 0.001462 0.019968 -0.633158 -0.001331 0.999978 -0.006548 1.433574 -0.019977 0.006520 0.999779 4.376488 0.000000 0.000000 0.000000 1.000000
0.999784 0.000603 0.020792 -0.631585 -0.000459 0.999976 -0.006894 1.433649 -0.020796 0.006883 0.999760 4.354627 0.000000 0.000000 0.000000 1.000000
0.999777 -0.000788 0.021116 -0.630351 0.000939 0.999974 -0.007129 1.433376 -0.021110 0.007147 0.999752 4.332713 0.000000 0.000000 0.000000 1.000000
0.999770 -0.003245 0.021201 -0.629327 0.003406 0.999966 -0.007563 1.432808 -0.021176 0.007633 0.999747 4.311255 0.000000 0.000000 0.000000 1.000000
0.999764 -0.002542 0.021556 -0.628031 0.002728 0.999959 -0.008594 1.432085 -0.021534 0.008650 0.999731 4.290324 0.000000 0.000000 0.000000 1.000000
0.999736 -0.004163 0.022580 -0.625819 0.004339 0.999960 -0.007760 1.433425 -0.022547 0.007856 0.999715 4.269263 0.000000 0.000000 0.000000 1.000000
0.999697 -0.006777 0.023662 -0.623873 0.006935 0.999954 -0.006583 1.433457 -0.023616 0.006745 0.999698 4.247477 0.000000 0.000000 0.000000 1.000000
0.999667 -0.007049 0.024807 -0.622546 0.007196 0.999957 -0.005854 1.433305 -0.024764 0.006031 0.999675 4.227201 0.000000 0.000000 0.000000 1.000000